Josh Allen  BUF 607.7 390.1 4407.4  34.6  14.1  116.4 661.8 6.9 3.5 400.9
Patrick Mahomes II  KC  634.6 418.3 4845.3  35.8  11.6  65.9  360 2.8 2.8 372.5
Justin Herbert  LAC 625.9 415.7 4684.4  33.9  13.3  65.1  299.5 3.2 1.4 356
Lamar Jackson BAL 520 336.2 3730.4  24.5  13.2  158.6 956.6 4.9 3.5 352.3
Kyler Murray  ARI 570.6 384 4255.8  27.3  12.3  107.4 553 5.5 2.3 350.8
Jalen Hurts PHI 495.4 307.6 3648.1  24.3  12.6  144.1 769.7 7.9 2.9 349.4
Dak Prescott  DAL 599.4 404 4605.8  33.6  11.7  54.7  227.4 2.9 4.1 338.7
Tom Brady TB  652.6 433.9 4842.6  36.3  11.9  27.9  45.7  1.7 2.4 336.9
Joe Burrow  CIN 570.7 387 4576.5  31.2  12.8  46.5  187.3 2.2 1.8 323.7
Aaron Rodgers GB  560 377.8 4289.9  33  7.2 38.3  135 1.8 1.6 317.4
Matthew Stafford  LAR 586.9 392.5 4587.4  33.6  13.9  33.3  99.3  1.2 2.4 316.2
Trey Lance  SF  480.9 303 3640.3  23.9  13  117.6 612.4 5 1.9 315.8
Russell Wilson  DEN 544.6 358.8 4136.8  29.2  9.6 62.1  276.7 2.1 2.3 308.1
Kirk Cousins  MIN 574.3 379.3 4348.5  31.2  11.4  29.2  107.1 1 2.9 298.5
Derek Carr  LV  597.1 399.8 4499.9  28.8  12.7  38.5  130.1 1.2 3.6 295.5
Tua Tagovailoa  MIA 574.3 379 4026.5  25.5  13.4  54.9  205.2 2.8 2.4 282.4
Ryan Tannehill  TEN 516.8 340.5 3753.3  24.2  13.3  55  253.6 3.9 2.6 277
Trevor Lawrence JAC 579.7 365.8 3898  22.1  14.1  72.2  334.5 2.4 3 272.4
Justin Fields CHI 505.3 312 3466.8  18.5  14.6  107.3 593.3 3.7 5 269.2
Daniel Jones  NYG 543.7 341.7 3664.3  20.9  12.5  82.2  428.8 2.7 5.1 266.6
Matt Ryan IND 536.3 350.9 3919.7  25.7  11.4  34.5  121.3 1.4 3.6 261.1
Mac Jones NE  543.7 359.1 3960  25.2  13.9  41.8  156.9 0.9 2.8 260.8
Jameis Winston  NO  483 302.6 3481.4  24.4  12.6  54.4  276.2 1.7 2.8 256.4
Zach Wilson NYJ 558.3 339.3 3674.8  22  14.3  43.9  232.6 2.5 1.8 255.1
Carson Wentz  WAS 538.1 343.1 3692.9  22.4  11.6  56.4  236.9 1.9 3.6 253.4
Jared Goff  DET 565.7 371.5 3908.4  24.4  12.5  31.9  80.2  1 3.8 248.1
Davis Mills HOU 538.3 351.4 3791.6  20.7  14.1  34  110.6 0.8 1.9 232.5
Baker Mayfield  CAR 510.9 320.3 3425.3  19.4  12.9  42.5  155.9 1.4 2.4 220.7
Marcus Mariota  ATL 420.1 264.2 2903.6  15.7  11.3  54.8  328.9 2.4 1.2 212.9
Mitch Trubisky  PIT 441.4 282.9 2814.8  16.9  10.7  44.2  212.1 1.8 1.3 198.8
Drew Lock SEA 358.7 221.5 2436.5  14.2  10  32.3  138.6 1.6 1.9 163.6
Deshaun Watson  CLE 272.9 182.5 1970.4  12.9  5.5 47.6  240.3 2.4 1.7 160
Jacoby Brissett CLE 257.8 161.2 1900.3  11.1  6.8 23.6  103.7 1.1 1.4 127.7
Geno Smith  SEA 175 111.4 1345.3  7.5 5 14.4  62.5  0.5 1.3 85.2
Desmond Ridder  ATL 172.2 105.6 1191.4  6.4 4.7 22.7  101.5 0.7 1.1 81.1
Kenny Pickett PIT 182.5 112.2 1227.4  7 5.1 17.7  60.7  0.5 1.2 78.5
Sam Darnold CAR 68.4  41.4  536.8 3.1 2.5 3.9 27  0.4 0.3 35.8
Andy Dalton NO  57.6  36.2  408.2 2.9 1.7 3.9 13.8  0.1 0.2 27.5
Mason Rudolph PIT 46.3  28.3  323.7 2 1 1.3 5 0 0 20.4
Tyrod Taylor  NYG 42  25.5  283.3 1.7 0.9 4.7 24.9  0.1 0.3 19.8
Taysom Hill NO  10.9  7.2 77.9  0.3 0.3 21.7  99.8  0.9 0 19.7
Tyler Huntley BAL 31.1  20.3  238.4 1.6 1.3 6.4 34.7  0.2 0.2 18.8
Jimmy Garoppolo SF  32.3  20.8  271.5 1.6 1.1 1.3 4.2 0 0 16.7
Teddy Bridgewater MIA 34.5  22.6  235.2 1.4 0.7 3.3 10.5  0.1 0.2 15.5
Trevor Siemian  CHI 34.1  20.2  263.2 1.2 1 2.5 7.3 0 0.1 15.1
Gardner Minshew II  PHI 30  19.2  207.2 1.4 0.7 4.3 16.9  0.1 0.2 14.8
Joe Flacco  NYJ 31.6  19.7  221 1.4 0.9 1.6 5.8 0 0.8 12.7
Jordan Love GB  23.2  14  189 1.2 0.9 2.2 8.4 0.1 0.1 12.5
Taylor Heinicke WAS 23.9  15.1  173.3 1.3 0.8 2.6 10.4  0 0.1 12.5
